-112.980727
-192.816100
-370.834809
-420.404349
-538.469988
-649.213064
-760.426889
-876.453311
-945.618499
-1120.915669
-1276.602735
-1375.346632
-1480.615228
-1556.698925
-1671.100952
-1787.165683
-1824.315777
-1959.498559
-2097.196484
-2242.080515
-2402.758508
-2489.166625
-2587.763802
-2673.241017
-2771.628479
-2870.631664
-2952.737539
-3111.822446
-3227.125730
-3308.977862
-3363.997387
-3476.266997
-3565.190529
-3696.165409
-3769.808418
-3868.610034
-3934.732371
-4032.814651
-4103.130684
-4278.895206
-4354.484516
-4496.740091
-4565.655929
-4620.210120
-4799.407376
-4895.865304
-5015.602856
-5088.534813
