-102.886924
-182.722297
-367.461961
-417.031501
-535.097140
-645.840216
-757.054041
-873.080463
-942.245651
-1119.331910
-1272.376652
-1371.120549
-1483.745485
-1558.095733
-1672.497760
-1788.562491
-1825.712585
-1961.147417
-2103.683952
-2255.314235
-2429.280611
-2534.886830
-2640.685440
-2729.876175
-2828.263637
-2951.758592
-3049.233095
-3214.224287
-3351.774982
-3447.062061
-3500.301317
-3612.570928
-3701.494459
-3830.939787
-3888.123165
-3986.706730
-4052.829066
-4139.317743
-4209.633777
-4385.398299
-4460.987609
-4606.417395
-4691.477268
-4744.610508
-4914.785911
-5011.243839
-5130.981391
-5203.913348
-5301.576046
-5380.172115
-5444.575929
-5576.202325
-5613.275490
-5688.089667
-5822.907207
